AAI	-3.6871	128.1943	0
AAII	-3.6871	128.194	0
ABJI	-7.7957	114.2342	0
ALKI	-8.1445	124.5903	0
APSI	-0.9108	121.6487	0
ATNI	-9.0835	124.8644	0
BAKI	-1.19145	136.10702	0
BASI	-10.2189	120.5777	0
BATI	-10.2065	123.6633	0
BBJI	-7.462603	107.65	0
BBKI	-3.4625	114.8411	0
BBSI	-5.4879	122.5706	0
BJI	-7.3329	109.7096	0
BKB	-1.1073	116.9048	0
BKNI	0.3262	101.0396	0
BKSI	-5.3219	120.1224	0
BLJI	-7.745	113.595	0
BLSI	-5.3676	105.2452	0
BMNI	-8.54	118.6926	0
BNDI	-4.5224	129.9045	0
BNSI	-4.4006	120.1065	0
BSI	5.4964	95.2961	0
BSMI	-3.1075	130.4939	0
BSSI	-6.1428	120.4904	0
BWJI	-5.8511	112.6578	0
BYJI	-8.214	114.3557	0
CBJI	-6.6981	106.9349	0
CGJI	-6.6134	105.69	0
CISI	-7.5557	107.8153	0
CLJI	-7.7187	109.015	0
CMJI	-7.784	108.449	0
CNJI	-7.309	107.1296	0
CTJI	-7.00754	109.18356	0
DBJI	-6.5538	106.7497	0
DBNI	-8.50188	118.31213	0
DNP	-8.6774	115.2097	0
DSRI	-0.4793	104.5778	0
EDFI	-8.7497	121.6903	0
EGSI	-5.3526	102.2767	0
ERPI	-3.926867	136.380947	0
FAKI	-2.9192	132.265	0
GENI	-2.59268	140.167757	0
GLMI	1.8381	127.7879	0
GMJI	-8.2732	113.4441	0
GRJI	-6.9145	112.4793	0
GSI	1.3039	97.5755	0
GTOI	0.7628	122.87	0
IGBI	-8.818	115.146	0
JAGI	-8.4703	114.152	0
JAY	-2.5145	140.7043	0
JCJI	-6.7344	108.2631	0
JMBI	-1.6764	103.576	0
KASI	-5.5236	104.4967	0
KBKI	-3.2995	116.1668	0
KCSI	3.522	97.7715	0
KDI	-3.95743	122.61926	0
KHK	-8.36404	115.60964	0
KLI	-4.8363	104.87052	0
KLNI	-8.42188	116.09492	0
KLSI	-4.6871	104.7317	0
KMMI	-7.0412	113.9157	0
KMPI	-3.6616	133.7044	0
KMSI	0.5745	123.98	0
KPJI	-7.3333	108.931	0
KRAI	-3.3184	128.3947	0
KRJI	-2.0912	101.4619	0
KRK	-8.1521	112.4506	0
KSI	-3.6517	102.5929	0
LASI	4.4572	97.9704	0
LBMI	-0.6379	127.5008	0
LDSI	2.886	98.157	0
LEM	-6.82325	107.6143	0
LHMI	5.2288	96.9472	0
LHSI	-3.8267	103.5233	0
LRTI	-8.2752	123	0
LUWI	-1.0418	122.7717	0
LWLI	-5.0175	104.0589	0
MASI	-3.1415	102.2396	0
MBSI	-3.7611	102.2714	0
MDSI	-4.4861	104.1783	0
MGAI	4.0079	126.67	0
MJSI	-3.5008	118.9149	0
MKBI	-2.4474	101.2396	0
MKS	-5.2178	119.4696	0
MLJI	-8.157473	112.446699	0
MLSI	4.2668	96.404	0
MMPI	-8.5181	140.4141	0
MMRI	-8.6357	122.2376	0
MMSI	-2.6892	118.909	0
MNAI	-4.3605	102.9557	0
MNI	1.44397	124.83998	0
MNSI	0.7955	99.5796	0
MPSI	0.3374	119.898	0
MRSI	0.4771	121.9406	0
MSAI	-3.3461	128.9285	0
MSSI	-2.5547	120.3241	0
MTKI	-0.9418	114.8959	0
MTNI	-8.636	116.1707	0
MWPI	-0.9258	134.0431	0
NBBI	-8.4597	114.942	0
NBPI	-3.3656	135.4972	0
NGJI	-7.3676	111.4612	0
NLAI	-3.239	127.0998	0
OBMI	-1.3413	127.6444	0
PBKI	-2.7047	111.6697	0
PBSI	-0.0547	98.28	0
PCI	-0.9054	119.8366	0
PCJI	-8.1947	111.1771	0
PDSI	-0.9118	100.4617	0
PKKI	-2.2411	113.9722	0
PLAI	-8.8274543	117.7764528	0
PLKI	-2.2262	113.9453	0
PMBI	-2.9024	104.6993	0
PMSI	-3.5008	118.9149	0
PPBI	-2.1616	106.1364	0
PPI	-0.4568	100.397	0
PPSI	-2.766	100.01	0
PSI	2.695	98.924	0
PSSI	2.73532	125.4045	0
PTKI	-0.14195	109.40296	0
PWJI	-8.021887	111.804112	0
RAPI	-0.4102	130.8211	0
RBSI	-5.84445	105.742	0
RGRI	-0.3491	102.3338	0
RKPI	-1.5107	134.1773	0
RPSI	2.0723	99.8325	0
RTBI	-8.4597	114.942	0
SANI	-2.049695	125.988104	0
SAUI	-7.9826	131.2988	0
SBJI	-6.1117	106.1318	0
SBNI	-10.492279	121.846004	0
SBSI	1.3988	99.431	0
SCJI	-7.681	109.16892	0
SDSI	-0.9325	101.428	0
SGKI	0.530205	117.604347	0
SGSI	3.686	125.5286	0
SIJI	-0.86912	131.26605	0
SISI	-1.3265	99.0895	0
SKJI	-7.0053	106.5563	0
SLSI	-2.3924	102.5927	0
SMKI	-0.4461	117.2085	0
SMPI	-1.981115	138.710799	0
SMRI	-7.04915	110.44067	0
SMSI	0.9885	122.3654	0
SNJI	-7.7808	111.7591	0
SNSI	2.4089	96.3267	0
SOEI	-9.7553	124.2672	0
SPSI	-3.9646	119.7691	0
SRBI	-8.0848	115.2126	0
SRPI	-1.876922	136.240169	0
SRSI	-2.531554	120.877791	0
SSKI	0.817173	108.970255	0
STKI	0.0656	111.4772	0
SWI	-0.8628	131.2592	0
SWJI	-7.7349	111.7669	0
TARA	3.32712	117.57037	0
TARAI	3.32712	117.57037	0
TBJI	-6.8179	111.8481	0
TDNI	0.574382	97.819617	0
TGJI	-6.8679	109.121	0
TLE	-5.6373	132.7373	0
TLE2	-5.69943	132.73952	0
TMSI	1.294812	124.925571	0
TNG	-6.1719	106.6469	0
TNGI	-6.172	106.647	0
TNTI	0.7718	127.3667	0
TPI	-2.75633	107.65345	0
TPRI	0.9193	104.5208	0
TPTI	3.2618	97.1774	0
TRSI	2.0256	98.9594	0
TSI	3.5012	98.5645	0
TTSI	-3.0451	119.819	0
TWSI	-8.7381	116.8821	0
UBSI	-3.7611	102.2714	0
UGM	-7.9125	110.5231	0
UWJI	-6.4191	110.9474	0
WAMI	-4.09593	138.95004	0
WBSI	-9.6411	119.3911	0
WOJI	-7.8372	110.9236	0
WSI	-9.6689	120.297666	0
YOGI	-7.8166	110.295	0
BAJI	-7.09057	112.70853	0
BKJI	-7.3633	108.5322	0
BMSI	-2.06641	102.31544	0
BPJI	-7.81045	109.99712	0
BTJI	-7.1972	109.1641	0
BUJI	-7.75603	109.46133	0
CIJI	-7.31741	108.19589	0
CSJI	-7.3302	106.521	0
GBJI	-6.9485	109.966	0
GEJI	-8.41019	112.64507	0
GGJI	-7.03022	110.92097	0
JASI	-1.41453	101.45838	0
JBJI	-6.48374	106.46986	0
JMSI	-2.63715	101.88745	0
JPJI	-6.5307	107.4175	0
JPSI	-1.34164	100.58645	0
KBBI	-8.286	115.2547	0
KLJI	-7.99607	113.25175	0
KWJI	-7.3837	109.9691	0
LLSI	-3.27843	102.9139	0
LUJI	-7.826	113.0107	0
MBBI	-1.5406	102.0984	0
NKBI	-8.726115	115.5259633	0
PBJI	-7.0874	107.4757	0
PKJI	-7.1678	109.5798	0
PKSI	-4.0428	103.2639	0
PLJI	-7.8616	112.1548	0
PLSI	0.23729	100.55398	0
PPLI	-5.74103	105.14486	0
PRJI	-8.07216	110.79178	0
PSLI	-5.93732	105.51004	0
PTJI	-6.2655167	106.748825	0
SEJI	-7.0051	111.7288	0
STSI	-2.38874	101.04783	0
TOJI	-6.7621	108.1344	0
TRPI	-6.0989	140.3	0
TUJI	-8.4018	113.7322	0
UTSI	-5.31257	104.55095	0
WLJI	-6.8310983	105.8909467	0
WRJI	-7.81129	113.74565	0
ABSM	-3.4254	102.26295	0
ACJM	-6.8033	108.6151	0
ALTI	-8.29069	125.12517	0
ARMI	-5.7749	134.2189	0
ARPI	-2.89961	140.74765	0
BBCI	1.158027	121.436232	0
BBCM	-5.0392	120.058	0
BBJM	-7.326	111.8099	0
BDCM	-0.872636	119.586757	0
BESI	4.719933	96.86546	0
BESM	4.151615	96.325344	0
BGCI	-0.8816	123.3911	0
BGCM	-0.049644	119.880075	0
BHCM	-2.7965	122.1259	0
BLCM	-0.122934	119.687071	0
BLSM	-2.6232	102.7617	0
BNTI	-8.7881	120.9768	0
BOSM	-4.859183	104.020736	0
BPSM	-1.1924	100.58998	0
BTCM	-2.4768	121.9241	0
BUSI	5.1665	96.88612	0
BYLI	-8.2273	116.4201	0
CBJM	-6.93085	107.35624	0
CCJM	-7.01692	107.14019	0
CIJM	-6.4926	108.1853	0
CSJM	-6.74052	108.0099	0
CWJM	-6.74236	107.44486	0
DBKI	-1.6792	114.9079	0
DDSI	1.6675	101.4602	0
DOCM	-0.675868	119.74873	0
DYPI	-4.8521	139.4991	0
GESM	4.8421	96.1278	0
GGJM	-7.1717	111.2037	0
GHMI	-0.35629	127.8797	0
GKJM	-7.8411	110.5922	0
GPSM	4.869343	96.090448	0
GTSI	-0.5981	101.4888	0
GUJM	-7.17155	111.20342	0
IBTI	-8.3894	123.2645	0
IHMI	1.508213	127.555625	0
IWPI	-2.7581	134.5162	0
JBJM	-6.9729	111.4587	0
JHMI	1.082067	127.47828	0
JTJM	-7.0573	106.8015	0
KBJM	-7.0505	111.2329	0
KGCM	0.639702	122.851648	0
KLSM	3.0863	97.3298	0
KPJM	-7.1883	111.9281	0
KTMI	-7.669066	131.579205	0
KTTI	-10.01356	124.5339	0
KUSI	3.1964	97.3706	0
LESM	-4.96147	103.71256	0
LHSM	-4.1892	103.5539	0
LISM	4.4785	96.78746	0
LJPI	-3.1271	139.945	0
LKCI	-4.3509	122.3437	0
LKSM	0.1845	100.6007	0
LLSM	-5.60039	104.80943	0
LMTI	-8.6011	120.4771	0
LOCM	-1.6502	120.1825	0
LPCM	-3.5012	119.5378	0
LPSM	-1.7082	100.7196	0
LSCM	-4.365	119.8987	0
LTSM	1.52936	98.9305	0
LUCM	-1.4262	120.3225	0
MASM	5.29847	95.59667	0
MBPI	-2.035	133.7322	0
MBSM	-3.13437	101.8744	0
MIPI	-4.5301	136.8935	0
MKJM	-7.6629	110.4834	0
MKSM	-4.571007	103.36025	0
MLJM	-7.2483	112.3379	0
MMCI	-2.95597	119.3631	0
MPSM	0.5891	100.1383	0
MSCM	-2.5358	120.2813	0
MTCM	-2.573883	121.054464	0
MTSI	2.1524	98.2524	0
MTSM	-4.4793	103.5062	0
NBMI	-3.8509	126.6995	0
ONSM	2.1599	98.6301	0
PABI	0.1236	99.8719	0
PBCI	0.38301	124.0396	0
PBLI	-8.8218	116.2778	0
PCJM	-6.91299	108.71924	0
PDLI	-8.1037	117.8729	0
PICM	-0.710997	120.088757	0
PKCI	-3.492086	120.885845	0
PKJM	-6.79577	108.43985	0
PLSM	1.54	99.6462	0
PMMI	0.3738	127.4158	0
POCI	-1.420317	120.656954	0
PPCM	-3.727	119.7269	0
PPSM	-5.3182	104.0156	0
PSJM	-6.96858	106.54906	0
PSSM	-5.86438	104.69528	0
PTSM	2.011856	99.166011	0
RASM	-2.1655	101.0708	0
RDCM	-1.295483	119.552463	0
RLSI	2.0687	99.8455	0
RMSM	-2.62326	102.7617	0
RRSI	0.84096	100.34611	0
RSSM	2.597922	98.782984	0
SASM	4.8795	95.4825	0
SBJM	-7.967995	110.266119	0
SBSM	0.1983	99.3775	0
SCJM	-6.8437	107.2221	0
SDCI	-0.494155	119.768722	0
SDSM	2.75379	98.28677	0
SEJM	-6.8726	108.5852	0
SEMI	-2.917032	129.820841	0
SIJM	-7.41011	112.760504	0
SISM	4.6082	96.7288	0
SKSI	5.894472	95.31271	0
SKSM	-1.946	101.3497	0
SLSM	-0.83132	100.65342	0
SMSM	-0.005923	100.17103	0
SNBI	0.963245	97.429538	0
SPSM	2.51596	98.37383	0
SRMI	-2.941451	129.18185	0
SSJM	-6.8872	106.9626	0
SSMI	-3.736706	130.828774	0
SSSM	-1.56407	101.23747	0
STPI	-0.46835	132.1256	0
SUSM	-5.0212	104.2945	0
SWCM	-4.2145	120.0109	0
TAMI	-3.675906	128.110803	0
TASI	-0.3241	100.0791	0
TBCM	-4.9117704	120.28299	0
TBKI	2.136	117.4241	0
TGCM	0.5201	123.0778	0
TKSM	3.1374	98.3244	0
TLCM	-2.50925	120.79436	0
TMSM	-2.69954	101.44633	0
TOCM	-2.647398	121.408032	0
TPCI	0.467467	121.099286	0
TPSI	4.923159	96.017023	0
TSJM	-6.7319	107.8109	0
TSPI	-1.4733	132.0898	0
TTSM	1.0856	99.4108	0
ULSM	-3.7588	102.7941	0
USTI	-9.6543	119.7878	0
UTSM	-4.08339	102.72849	0
WBMI	0.3393	127.8708	0
WGJM	-7.3833	112.5098	0
WHMI	1.0825	128.132	0
WMCM	-2.2162	121.622	0
WSJM	-6.97472	106.7247	0
WWCI	-5.2724	123.5251	0
WWPI	-2.313	136.3773	0
KKKI	-2.5137	110.1951	0
KKMI	-5.6923	132.718	0
KKSI	-4.1718	121.6513	0
BOJI	-7.56815	110.68936	0
JWJM	-7.206245	110.731458	0
NKKI	-1.5605	110.5671	0
PMCI	-1.17288	119.3477	0
LMNI	-8.23386	123.7157	0
RONI	-10.76	123.07	0
KRSI	-1.82	119.42	0
LBFI	-8.48	119.8921	0
TOLI2	1.11119	120.78174	0
PDGB	0.545579	100.298818	0
DNPB	-8.73838	115.17846	0
UIDB	-6.349021	106.826926	0
KJCM	-5.5646	119.8026	0
BBBCM	-5.5771	120.448	0
KMBFM	-8.5654217	120.31311	0
BPMJM	-6.9505233	113.4922383	0
WEFM	-8.6069517	121.7178533	0
RNFM	-8.429345	121.0261133	0
PSJCM	-7.06	120.620245	0
OMBFM	-8.6911917	119.8248167	0
PAFM	-8.3832	124.128	0
NSBMM	-3.0828917	128.2096033	0
TMTMM	-3.2979	129.53	0
WFTFM	-8.5247	122.71	0
SJPM	-2.5698	140.502	0
DWIKO	-8.0102	110.414	0
AAFM	-8.2734	124.723	0
TRIYO	-2.0601	99.583	0
AMPM	-1.2674	132.491	0
TBMCM	0.7139	124.59	0
WLFM	-8.5311	123.4499	0
SKPM	-3.4485	140.7256	0
FKMPM	-8.2515	140.2666	0
IATSM	4.92405	97.784545	0
SWPM	-0.8035	133.594	0
JSBFM	-8.8716567	116.8164717	0
PWCM	-3.6739	120.4005	0
WKCM	-3.8259	121.2993	0
SBBM	-8.2031	114.9179	0
USFM	-8.41198	117.14111	0
DBNFM	-8.424084	118.594821	0
RKCM	-2.9402467	121.5806317	0
SLBFM	-8.796215	115.934067	0
SPSJM	-6.6669	107.6136	0
WUPCM	-3.0063	120.1927	0
LKUCM	-3.2924	122.2332	0
WSTMM	-3.45296	129.995	0
WLTFM	-8.51818	116.5407	0
UKCM	-3.857	122.0431	0
NJBM	-8.30984	114.617125	0
LBNFM	-8.6017	119.0124	0
